24.350000
23.910000
24.350000
23.969999
23.450001
24.350000
23.469999
24.389999
23.389999
23.750000
24.230000
23.469999
24.469999
24.150000
24.870001
23.790001
23.590000
24.510000
23.469999
23.629999
23.469999
24.870001
24.110001
24.290001
24.209999
23.389999
24.389999
24.230000
23.629999
24.690001
23.389999
24.469999
24.950001
23.790001
23.790001
24.590000
24.150000
23.990000
24.030001
23.469999
23.389999
24.410000
23.090000
24.330000
24.270000
23.930000
25.370001
23.790001
23.530001
23.650000
24.590000
24.290001
24.410000
23.750000
23.629999
23.389999
24.510000
25.129999
24.330000
23.709999
24.170000
23.209999
23.350000
24.870001
24.230000
24.990000
23.230000
24.230000
24.030001
24.690001
23.930000
23.870001
24.350000
24.410000
24.270000
24.570000
24.570000
24.870001
23.809999
23.629999
24.530001
24.030001
23.870001
23.450001
24.150000
23.090000
25.190001
24.830000
24.330000
23.110001
25.170000
24.209999
24.270000
23.870001
23.510000
24.290001
24.510000
24.770000
23.870001
22.570000
23.570000
24.150000
23.790001
24.590000
23.969999
23.410000
24.170000
24.770000
24.709999
23.850000
23.350000
23.809999
24.030001
23.809999
24.230000
23.850000
23.690001
24.530001
23.450001
24.209999
24.450001
24.090000
24.750000
24.830000
24.530001
23.790001
23.650000
24.709999
23.410000
23.690001
23.150000
24.330000
24.750000
23.850000
23.629999
24.270000
23.290001
24.030001
22.950001
23.510000
24.770000
25.250000
23.530001
23.750000
24.150000
24.030001
24.510000
24.350000
23.750000
23.930000
24.270000
24.150000
23.629999
23.410000
24.090000
24.209999
23.690001
23.990000
23.530001
23.850000
23.450001
23.910000
24.290001
24.110001
24.650000
25.010000
24.750000
23.030001
24.530001
24.030001
24.570000
24.410000
24.389999
24.389999
24.809999
24.570000
23.930000
23.910000
25.110001
23.990000
23.709999
24.150000
24.389999
23.650000
23.790001
22.950001
24.230000
24.570000
24.570000
24.290001
24.049999
23.350000
24.570000
22.950001
24.410000
24.209999
24.530001
24.090000
24.330000
24.049999
23.790001
24.270000
23.709999
23.990000
24.150000
23.350000
24.450001
23.469999
23.969999
23.809999
24.270000
24.150000
24.090000
23.350000
24.170000
24.889999
23.850000
23.709999
22.750000
24.469999
24.230000
23.910000
22.750000
24.230000
24.049999
23.930000
25.070000
24.030001
23.910000
24.510000
23.709999
23.850000
24.330000
23.469999
24.170000
24.290001
24.469999
23.809999
23.850000
24.690001
24.090000
24.030001
24.770000
23.930000
24.049999
23.350000
25.370001
24.530001
24.110001
23.850000
24.110001
23.850000
23.910000
23.790001
24.530001
25.290001
24.150000
23.790001
24.150000
24.290001
24.570000
24.049999
25.129999
24.530001
24.830000
24.030001
23.930000
24.170000
23.910000
24.270000
23.969999
23.570000
23.870001
24.030001
23.750000
23.650000
23.809999
24.629999
23.850000
23.930000
24.990000
23.809999
24.230000
24.030001
23.969999
24.270000
24.990000
23.570000
23.990000
24.270000
23.170000
23.650000
23.530001
23.650000
23.930000
24.750000
23.709999
24.870001
24.150000
23.790001
25.250000
23.350000
23.809999
23.389999
23.910000
24.590000
24.469999
24.290001
23.570000
23.790001
22.950001
23.629999
23.170000
24.510000
24.570000
24.090000
24.450001
24.510000
23.790001
24.930000
24.209999
23.530001
23.790001
24.530001
24.270000
24.510000
23.750000
24.270000
24.590000
23.990000
23.290001
23.850000
24.330000
23.930000
24.410000
23.690001
24.209999
23.650000
24.270000
23.809999
24.290001
23.590000
24.629999
25.309999
24.230000
23.570000
24.750000
24.389999
24.770000
24.450001
24.410000
24.770000
23.629999
23.469999
24.690001
24.270000
25.010000
24.870001
23.650000
23.110001
24.150000
24.510000
23.629999
23.870001
23.209999
24.350000
22.870001
23.450001
23.709999
22.690001
24.270000
23.350000
24.450001
23.969999
22.950001
23.389999
25.070000
23.570000
23.090000
23.469999
23.629999
23.690001
24.110001
25.430000
24.510000
22.770000
23.629999
24.330000
23.969999
23.910000
22.870001
24.270000
24.150000
23.570000
23.790001
23.530001
24.330000
23.870001
24.530001
24.290001
23.990000
23.350000
24.389999
24.030001
23.570000
24.209999
24.230000
23.870001
24.330000
24.389999
24.209999
23.650000
24.290001
24.450001
24.629999
23.850000
24.709999
25.190001
24.230000
23.650000
24.150000
24.809999
24.350000
23.590000
24.709999
24.530001
23.110001
23.650000
24.049999
24.350000
23.629999
23.290001
23.410000
24.150000
24.110001
23.590000
23.290001
24.110001
24.450001
24.570000
24.209999
24.230000
24.290001
24.590000
24.469999
23.910000
23.809999
24.090000
23.590000
23.850000
23.969999
23.150000
23.969999
24.290001
24.450001
23.709999
23.230000
23.209999
24.150000
23.910000
23.530001
24.389999
24.450001
23.750000
24.709999
24.110001
25.110001
23.690001
24.209999
23.910000
23.530001
24.530001
23.510000
24.389999
24.410000
23.850000
23.809999
23.530001
23.150000
24.650000
23.410000
23.850000
24.450001
23.850000
24.230000
24.570000
23.910000
24.469999
23.629999
23.870001
24.110001
23.870001
24.650000
24.450001
23.790001
23.709999
24.450001
23.790001
24.629999
24.030001
24.870001
23.809999
23.990000
23.870001
25.049999
24.049999
23.930000
24.230000
23.389999
23.450001
23.790001
24.330000
23.870001
24.889999
24.830000
24.030001
24.090000
23.969999
23.570000
24.389999
23.750000
23.570000
24.570000
23.410000
23.850000
25.010000
23.690001
23.469999
24.410000
24.150000
23.750000
23.110001
24.030001
23.230000
23.910000
24.990000
23.910000
23.530001
23.230000
24.150000
24.530001
23.969999
23.450001
23.510000
23.410000
24.290001
23.709999
24.990000
24.450001
24.030001
23.790001
23.930000
23.209999
23.570000
24.030001
23.850000
23.629999
22.750000
23.910000
23.910000
23.590000
24.290001
24.090000
23.650000
23.969999
23.510000
23.750000
23.990000
24.049999
24.330000
24.870001
23.650000
24.830000
22.889999
23.990000
24.570000
23.650000
24.270000
23.750000
24.090000
23.330000
23.530001
23.030001
25.010000
23.910000
23.750000
24.530001
23.030001
24.110001
24.230000
23.410000
24.709999
24.290001
22.809999
23.990000
24.230000
24.410000
22.629999
24.150000
23.270000
23.809999
24.209999
24.110001
23.450001
23.510000
24.469999
22.990000
23.709999
24.770000
22.930000
23.629999
24.090000
23.969999
25.850000
23.990000
23.850000
23.270000
23.410000
24.150000
24.450001
24.450001
23.590000
23.389999
23.969999
24.290001
24.330000
24.650000
24.410000
23.209999
23.270000
23.170000
23.990000
23.590000
24.270000
25.110001
24.170000
22.950001
24.049999
24.530001
23.910000
23.709999
23.910000
23.690001
24.110001
24.410000
24.530001
23.469999
23.469999
23.969999
24.110001
23.910000
24.209999
24.750000
23.809999
24.090000
24.049999
24.090000
23.629999
23.690001
23.650000
24.209999
24.450001
24.170000
22.629999
24.330000
23.590000
24.450001
24.150000
24.209999
24.270000
23.410000
24.049999
24.629999
23.910000
24.330000
23.850000
24.510000
23.930000
23.809999
23.969999
23.469999
24.629999
23.930000
23.230000
24.709999
23.290001
23.870001
24.090000
24.110001
23.910000
24.450001
24.570000
24.350000
24.049999
24.950001
24.170000
23.969999
23.389999
23.530001
24.870001
24.410000
24.469999
23.090000
23.990000
23.990000
23.930000
24.270000
23.410000
24.690001
23.270000
24.709999
24.950001
23.969999
24.270000
23.290001
24.330000
23.709999
24.330000
23.809999
23.790001
23.870001
24.930000
23.709999
23.750000
24.830000
23.709999
24.209999
24.049999
23.850000
24.230000
23.709999
24.950001
23.629999
24.170000
23.809999
23.290001
25.110001
23.750000
23.469999
23.590000
23.850000
24.230000
23.990000
24.629999
23.850000
24.150000
24.209999
24.530001
23.990000
24.389999
23.850000
23.049999
24.090000
24.270000
24.030001
24.750000
24.389999
24.030001
24.830000
24.170000
24.290001
24.170000
23.389999
23.450001
23.809999
24.170000
24.170000
24.530001
24.950001
24.389999
24.150000
23.870001
24.150000
24.809999
23.850000
24.030001
24.170000
24.809999
24.150000
24.450001
23.530001
23.910000
25.010000
24.270000
24.590000
24.530001
24.410000
24.290001
24.570000
24.389999
23.809999
24.290001
23.709999
24.690001
24.450001
25.010000
23.790001
23.590000
24.570000
23.969999
23.209999
24.650000
23.350000
24.270000
24.690001
24.389999
24.290001
24.830000
24.170000
23.990000
23.650000
24.209999
24.350000
23.590000
23.870001
25.110001
25.629999
24.469999
24.389999
24.469999
23.290001
25.309999
22.990000
24.709999
23.990000
24.230000
24.709999
24.150000
24.230000
24.230000
23.870001
24.150000
24.530001
23.709999
24.570000
23.330000
23.809999
23.530001
24.510000
23.990000
24.209999
23.350000
24.410000
24.709999
24.290001
23.330000
23.450001
24.389999
24.209999
23.450001
23.750000
23.809999
23.930000
23.690001
23.910000
24.530001
23.709999
24.389999
23.590000
24.350000
23.469999
23.650000
23.750000
23.389999
23.910000
23.850000
24.270000
24.090000
24.350000
24.350000
24.750000
25.370001
24.090000
24.950001
24.350000
24.410000
23.290001
23.930000
24.209999
24.590000
24.290001
23.590000
24.330000
23.750000
24.410000
24.270000
24.110001
23.330000
24.450001
24.690001
23.750000
23.570000
24.030001
24.450001
24.450001
23.590000
23.389999
23.690001
23.450001
24.410000
24.450001
23.270000
23.809999
23.930000
23.990000
23.170000
23.350000
24.290001
24.270000
23.469999
23.209999
24.150000
24.410000
23.510000
24.450001
24.049999
23.469999
24.150000
23.530001
24.469999
23.809999
23.469999
24.870001
24.150000
23.590000
23.809999
23.910000
23.870001
24.330000
23.350000
24.330000
24.170000
23.969999
24.030001
23.469999
23.590000
24.709999
24.350000
23.590000
24.270000
24.510000
23.690001
23.870001
24.110001
25.190001
24.230000
23.690001
24.629999
24.930000
23.049999
24.770000
24.209999
24.410000
24.510000
23.870001
25.170000
23.510000
24.830000
23.910000
24.270000
23.709999
23.350000
24.230000
23.870001
24.709999
24.389999
24.830000
23.990000
23.809999
24.410000
24.530001
24.410000
23.570000
23.910000
24.170000
23.590000
23.990000
22.830000
24.030001
23.709999
23.850000
24.230000
24.170000
24.230000
24.170000
23.790001
24.450001
24.750000
24.410000
23.090000
23.709999
24.290001
23.930000
24.330000
24.450001
24.629999
24.650000
23.969999
23.809999
24.350000
